100248
100764
101003
101307
101308
101313
101343
101496
102019
102270
102844
102974
103032
103666
103741
103839
104234
104383
104728
104775
105154
105276
105359
105440
105714
105723
105814
105894
105917
105921
106142
106381
106704
106951
107094
107103
107494
107595
107819
108295
108515
108654
108865
108869
109158
109326
109521
109739
109744
109798
111062
111297
111850
11204
112077
112117
112186
112367
11263
112683
112792
112899
113015
113416
113563
113667
114044
114247
114369
114500
114702
115211
115561
115585
116042
116044
116078
116081
116104
116199
116409
116410
116447
116582
116724
116807
116884
116974
116987
117150
117264
117519
117566
11790
117929
118007
118034
118064
118277
118638
118870
119050
119212
119468
119508
119887
11996
120318
120441
121247
121479
121486
121612
121690
121702
121782
121865
12187
121975
122158
122316
122409
122571
122977
123529
123979
123994
124007
124551
124706
125109
125333
125509
125529
125918
125942
126048
126084
126089
126092
126098
126100
126111
126430
126669
126671
127348
127588
127606
127609
127610
127642
127733
127768
127776
127793
127805
127816
127871
12791
128069
128105
128366
128686
128718
129081
129360
129511
129663
129904
130495
130629
130917
131071
131077
131288
131494
131840
132104
132113
132311
132312
132784
132939
13299
133050
133061
133212
13343
133717
1339
134297
134455
134506
134532
134716
134960
135017
13505
135634
135718
135771
135836
136464
137132
137197
137543
137602
137663
137829
137961
138222
138621
138622
138662
138994
139177
139254
139298
139461
139490
139726
139873
139945
139984
140100
140296
140343
140931
141124
141241
141492
141761
141986
142079
142260
142382
142958
143146
143161
143514
143898
144862
145050
145093
145187
145357
145568
145755
146304
146333
147178
147348
147452
147702
147879
147882
148002
148211
148387
148452
148571
148722
149378
149416
149420
149448
150307
150485
150674
150980
151117
151302
151461
152238
152649
15323
153323
153394
153693
153994
154662
154741
154862
155001
155028
15515
155281
155394
155452
155787
155883
156056
156084
15633
156601
156672
156688
157005
157179
157281
157603
157670
157826
158157
158717
158732
159802
160149
16016
160176
160323
160391
161194
161353
161383
161428
161897
161946
16204
162367
162430
162641
162932
164108
165198
165411
165509
165683
165773
165857
165928
166045
16610
16627
166299
166567
167014
167114
167191
167531
167866
168051
168219
168273
168277
168389
168391
168466
168638
169092
169491
16956
169797
169806
170243
17029
171089
171294
17143
172274
17234
172415
172484
172661
173045
17397
174055
175044
175150
175490
175624
175982
176442
176857
176944
178234
178713
179463
179469
179597
179830
180564
180604
180679
181231
181349
182080
182621
182640
182823
183651
183667
183712
184033
184196
184960
185026
185120
185120
185249
185329
185383
185480
186069
186164
186274
186417
186422
186482
186504
186712
18680
186881
186917
186959
187000
187035
187060
187294
187788
187972
188208
188275
188358
188481
188852
189264
189268
189426
189568
189611
189704
189726
190612
190643
191198
191288
191981
192358
193073
19355
193645
193647
193707
193892
193903
193941
194024
194066
194112
194239
195435
195707
195767
195794
195834
196350
197663
197860
198306
198495
198601
199326
199538
199926
199939
200187
201304
201579
201648
202437
202525
202795
20364
203792
203824
203877
20396
204007
204733
20491
205148
205980
206027
20710
20753
208591
208900
208989
209005
209008
209025
209043
209046
209078
209449
209497
209964
210014
210152
210470
210542
210675
210845
211020
211643
211742
211889
212164
212178
212404
212728
212918
213128
213192
213310
213359
213430
213657
213781
213934
213946
21396
21410
214386
215363
215386
215573
215978
216963
217029
217046
217365
217391
21758
217734
218099
218124
218233
218241
218327
218339
218421
218442
218471
218491
218658
218666
218762
218875
219574
219656
219730
219758
219779
220008
22006
220298
220720
220893
220935
22221
22579
23976
24229
24713
24897
25074
25080
25436
25438
25636
26596
26700
27468
27840
28143
28400
28405
28566
28634
28690
28827
28902
28938
29107
29211
29402
30396
30920
31370
31421
33345
33427
33618
33790
34800
34852
35709
35740
3575
36217
36598
37525
37641
38677
38813
38819
38943
39045
39750
40076
40078
40406
40591
40703
40704
40705
40959
41002
41070
41084
41108
41148
41246
41274
41328
4137
41401
41435
41520
41524
41703
41722
41776
41786
41795
42220
42467
42493
42501
42530
42531
42538
42583
42623
42665
42800
42871
42978
43272
43281
43406
43597
43739
43775
43781
43783
43899
43918
43932
44017
44076
44078
44090
44118
44183
44198
44217
44326
44383
44393
44396
44405
44421
44422
44482
44484
44532
44535
44543
44559
44579
44588
44705
44771
44815
44850
44873
44894
44906
44955
44957
45016
45017
45101
45111
45117
45132
45137
45160
45189
45196
45212
45214
45219
45234
45263
45267
45284
45376
45424
45441
45447
45464
45542
45564
45576
45607
45636
45669
45673
45734
45737
45754
45758
45808
45822
45865
45873
45877
45914
45950
46093
46095
46196
46290
46302
46335
46394
46404
46423
46430
4648
46484
46605
46700
46704
46726
46732
46735
46749
46760
46800
46819
46825
46835
46838
46862
46884
46887
46889
46906
46922
46965
46974
47020
47025
47032
47042
47211
47229
47278
47288
47288
47350
47360
47375
47445
47484
47491
47516
47528
47541
47543
47600
47649
47651
47671
47677
47759
47814
47816
47831
47842
47843
47893
47935
47940
47956
47966
47972
48053
48133
48136
48235
48254
48268
48271
48294
48394
48424
48499
48622
48728
4873
48854
48982
49117
49149
49196
49206
49212
49256
49498
49581
49590
49597
49604
49733
49821
49838
49882
49925
49980
50004
50036
50123
50130
50139
50147
50181
50223
50249
50261
50330
50341
50363
50385
50437
50464
50519
50555
50575
50663
50666
50716
50741
50798
5082
50830
50885
50908
50915
50919
51156
51179
51183
51207
51236
51248
51251
51375
51376
51385
51425
51443
51452
51523
51534
51583
51633
51648
51653
51655
51659
51818
51827
51830
51874
51901
51927
51950
51962
52295
52298
52305
52320
52321
52363
52369
52373
52421
52507
52508
52555
52640
52734
52757
52761
52764
52855
52913
52922
52952
52961
53120
53197
53235
53285
53451
53453
53476
53561
53625
53652
53778
53796
53803
53807
53808
53816
53819
53840
53854
53916
53940
53955
53965
54020
54024
54029
54094
54277
54395
54404
54409
54505
54599
54756
54836
54841
54898
55046
55137
55304
55355
5541
55515
55520
55685
55733
55810
55821
55978
56021
56043
56125
56148
56183
56196
56209
56218
56252
56257
56276
56310
56381
56436
56508
56538
56570
56574
56676
56709
56776
56795
56864
56879
56910
56912
56978
57000
57062
57281
57380
57427
57468
57519
57520
57591
57614
57633
57647
57648
57660
57679
57681
57711
57768
57780
57795
57810
57881
57895
57896
57943
57983
58001
58022
58091
58105
58163
58170
58188
58194
58218
58259
58276
58329
58355
58372
58406
58408
58413
58419
58429
58437
58449
58500
58508
58612
58641
58665
58704
58706
58731
58776
58849
58880
58889
58944
58979
59000
59008
59061
59073
59075
59100
59103
59125
59175
59258
59260
59270
59272
59288
59289
59294
59315
59332
59375
59393
59418
59445
59879
59894
59933
60002
60227
60259
60391
60392
60478
60586
60622
60692
60746
60764
60770
60859
60939
61204
61315
61978
62094
62100
62154
62179
62286
62291
62357
62373
62558
6259
62666
62693
62710
62719
62800
62952
63014
63210
63636
63731
63774
63781
63784
63792
64275
64447
64543
64635
64683
65058
65149
65356
65470
65788
65816
65847
65894
66116
66274
66327
66357
66630
66826
66900
67452
67553
67643
67808
67863
67895
68237
68551
68795
68838
68848
69265
69655
69807
70338
70343
70494
70528
70573
70666
70870
71045
71105
71318
71433
71487
71602
71961
72069
72070
72581
72913
73055
73123
73324
73421
73464
73532
73570
73621
73622
73634
73909
73915
74150
74270
74307
74322
74621
75193
75468
77004
77050
77143
77163
77228
77586
78398
78719
78727
78773
78920
79259
79262
79361
79407
79408
79502
7979
79905
79944
8000
80211
80539
80559
80697
81002
81090
81117
81226
81343
81478
82067
82143
82169
82772
82800
82978
83033
83120
83166
83239
83325
83755
83812
83842
84109
84258
84564
84827
84882
84894
85416
85890
85926
8599
86041
86135
86168
86251
86476
86502
86522
87132
8771
87715
87796
87989
88385
88476
88518
88634
88772
89000
89020
89047
89111
89243
89785
90232
90312
90674
90800
90849
90964
91035
91156
91477
91496
9184
91850
92012
92100
92149
92431
92518
92916
92935
93144
93346
93507
9363
93644
93839
93859
93982
94165
94209
94529
94561
94601
94611
95012
95138
95384
95464
95586
95636
95644
95711
95743
96110
96411
96977
9704
9716
97238
97431
97804
97807
97888
98404
98504
9860
98620
98823
98853
99020
99449
99623
99828
